0 1
1 112
2 3
2 4
2 5
4 100
6 7
6 8
6 9
6 10
6 11
6 12
6 13
6 14
6 15
6 16
7 34
7 35
7 36
7 37
7 38
7 39
7 40
7 41
7 42
7 43
7 44
7 45
7 46
8 56
8 102
8 34
8 35
8 36
8 37
8 38
8 39
8 40
8 41
8 42
8 12
8 43
8 16
8 44
8 45
8 46
9 27
9 28
9 130
9 184
9 203
9 225
9 34
9 35
9 36
9 37
9 38
9 409
9 39
9 410
9 40
9 41
9 42
9 43
9 424
9 359
9 425
9 44
9 45
9 46
10 34
10 35
10 36
10 37
10 38
10 39
10 40
10 41
10 42
10 43
10 44
10 45
10 46
10 138
11 27
11 28
11 130
11 184
11 203
11 225
11 34
11 35
11 36
11 37
11 38
11 409
11 39
11 410
11 40
11 41
11 42
11 43
11 424
11 359
11 425
11 44
11 45
11 46
12 56
12 102
12 34
12 35
12 36
12 37
12 38
12 39
12 40
12 41
12 42
12 43
12 44
12 45
12 46
13 150
13 222
13 34
13 35
13 36
13 37
13 364
13 38
13 39
13 40
13 419
13 41
13 42
13 43
13 461
13 462
13 44
13 45
13 46
13 252
14 102
14 34
14 35
14 36
14 37
14 226
14 38
14 58
14 39
14 40
14 41
14 42
14 43
14 32
14 383
14 466
14 61
14 468
14 469
14 44
14 45
14 46
14 470
15 25
15 233
15 34
15 234
15 35
15 36
15 235
15 328
15 236
15 37
15 38
15 237
15 39
15 238
15 239
15 40
15 240
15 241
15 41
15 242
15 42
15 428
15 43
15 243
15 244
15 473
15 476
15 379
15 245
15 44
15 45
15 246
15 46
15 247
16 102
16 34
16 35
16 36
16 37
16 38
16 39
16 40
16 41
16 42
16 199
16 43
16 447
16 212
16 44
16 45
16 46
17 18
17 19
17 20
17 21
18 22
18 28
18 269
18 270
18 281
18 282
18 283
18 284
18 285
18 286
18 287
18 288
18 289
18 290
18 291
18 292
18 293
18 294
18 295
18 296
18 297
18 298
18 299
18 300
18 301
18 302
18 303
18 304
18 305
18 306
18 307
18 308
18 309
18 310
18 311
19 22
19 25
19 269
19 270
19 233
19 281
19 282
19 283
19 284
19 234
19 285
19 286
19 235
19 287
19 288
19 236
19 289
19 290
19 291
19 237
19 292
19 238
19 293
19 294
19 295
19 239
19 296
19 298
19 299
19 240
19 241
19 301
19 302
19 242
19 303
19 304
19 21
19 305
19 306
19 243
19 244
19 307
19 245
19 308
19 246
19 309
19 310
19 247
19 311
20 22
20 25
20 269
20 270
20 233
20 281
20 282
20 283
20 284
20 234
20 285
20 286
20 235
20 287
20 288
20 236
20 289
20 290
20 291
20 237
20 292
20 238
20 293
20 294
20 295
20 239
20 296
20 298
20 299
20 240
20 241
20 301
20 302
20 242
20 303
20 304
20 21
20 305
20 306
20 243
20 244
20 307
20 245
20 308
20 246
20 309
20 310
20 247
20 311
21 25
21 201
21 221
21 259
21 269
21 233
21 102
21 281
21 283
21 234
21 286
21 235
21 287
21 236
21 260
21 289
21 261
21 237
21 292
21 238
21 294
21 295
21 239
21 299
21 240
21 99
21 241
21 301
21 242
21 303
21 306
21 243
21 244
21 307
21 245
21 308
21 246
21 310
21 247
22 23
22 24
23 69
23 183
23 90
23 270
23 282
23 284
23 285
23 288
23 331
23 129
23 290
23 291
23 293
23 296
23 417
23 298
23 302
23 304
23 441
23 199
23 305
23 446
23 212
23 463
23 93
23 465
23 472
23 309
23 311
24 25
24 270
24 233
24 282
24 284
24 234
24 285
24 235
24 288
24 236
24 290
24 261
24 388
24 291
24 237
24 395
24 238
24 293
24 413
24 239
24 296
24 298
24 240
24 241
24 302
24 242
24 304
24 445
24 305
24 243
24 244
24 245
24 246
24 309
24 247
24 311
25 26
26 233
26 234
26 235
26 236
26 237
26 238
26 239
26 240
26 241
26 242
26 243
26 244
26 245
26 246
26 247
28 29
28 30
28 31
28 32
28 33
29 226
29 227
30 313
31 297
32 99
32 428
47 48
48 161
49 50
49 51
49 52
49 53
49 54
50 51
51 52
51 53
51 54
53 87
53 180
55 56
55 57
55 58
55 59
55 60
55 61
57 168
57 172
58 386
58 61
59 163
60 446
62 63
62 64
63 142
63 378
63 415
63 144
63 377
65 66
65 67
65 68
66 194
66 195
66 196
66 197
66 198
67 163
67 98
67 204
67 205
67 122
68 163
68 98
68 204
68 205
68 122
69 70
70 183
70 331
70 417
70 441
70 472
71 72
71 73
73 116
73 398
73 385
74 75
74 76
74 77
74 78
74 79
74 80
75 109
75 79
77 180
77 152
77 78
78 433
79 185
79 102
79 418
79 467
79 274
81 82
81 83
82 88
82 271
82 272
82 319
83 271
83 272
83 319
83 140
84 85
84 86
85 94
85 139
85 145
85 146
85 147
85 86
85 148
85 149
86 94
86 139
86 145
86 146
86 147
86 148
86 149
89 90
89 91
89 92
89 93
90 91
90 92
90 129
90 199
90 93
91 92
91 99
91 212
91 213
91 93
92 182
92 222
92 249
92 93
92 315
92 316
93 182
93 129
93 199
93 315
94 95
94 96
97 98
97 99
98 253
98 99
98 254
98 255
99 163
99 232
99 261
99 319
99 428
99 429
99 213
99 430
99 431
99 254
100 101
100 102
100 103
100 104
100 105
100 106
100 107
102 201
102 273
102 274
103 317
103 370
103 378
103 432
103 440
105 317
105 370
105 378
105 432
105 440
106 317
106 370
106 378
106 432
106 440
107 317
107 370
107 378
107 432
107 440
108 109
109 116
109 185
109 381
109 382
109 383
109 321
109 384
109 385
110 111
110 112
110 113
111 147
111 218
111 112
111 219
111 113
111 220
113 163
113 428
113 449
113 459
114 115
115 360
115 319
115 457
115 458
117 118
117 119
117 120
118 231
119 159
119 248
119 426
119 427
120 133
120 412
121 122
122 179
122 312
122 361
122 435
122 344
122 205
122 431
122 480
122 481
123 124
123 125
123 126
123 127
124 134
124 126
126 163
126 214
126 228
126 229
126 354
127 207
127 205
128 129
131 132
131 133
132 226
132 197
133 197
133 412
135 136
135 137
135 138
136 402
136 403
136 404
136 405
136 406
136 407
136 399
136 408
137 176
137 402
137 403
137 404
137 405
137 406
137 407
137 408
138 416
138 402
138 403
138 404
138 405
138 406
138 407
138 408
139 140
139 141
140 258
140 434
141 339
141 391
141 377
142 143
142 144
144 176
144 380
144 387
144 415
144 148
144 450
144 377
145 158
147 186
147 262
147 264
147 265
147 148
147 266
147 267
147 268
147 263
151 152
151 153
153 200
154 155
155 160
155 337
155 338
155 339
156 157
157 256
157 257
158 324
158 327
158 429
158 464
160 161
160 162
161 337
161 381
162 189
162 337
163 164
163 165
163 166
163 167
163 168
163 169
163 170
163 171
163 172
163 173
163 174
163 175
167 210
168 201
168 340
172 201
172 340
176 177
176 178
180 181
186 187
186 188
187 265
187 188
188 265
189 190
191 192
191 193
192 193
192 357
192 358
192 359
193 357
194 326
196 355
196 356
196 323
197 326
197 226
199 446
199 447
199 448
201 202
204 271
204 272
204 325
204 344
204 345
205 206
205 471
206 207
207 346
208 209
208 210
208 211
211 342
211 414
212 365
212 438
212 446
212 447
212 213
212 463
212 465
215 216
215 217
216 399
218 330
219 330
220 330
221 222
221 223
221 224
222 249
222 250
222 251
222 252
223 329
226 318
226 347
226 348
226 349
226 350
226 351
226 352
226 353
230 231
231 400
231 401
250 460
251 460
252 421
256 262
256 263
257 457
259 260
259 261
260 261
261 300
261 368
261 369
262 263
266 277
266 392
266 393
266 442
271 272
272 319
274 474
275 276
276 359
277 278
277 279
277 280
278 392
278 393
279 392
279 393
280 392
280 393
300 368
300 369
313 314
319 374
319 390
319 397
320 321
322 323
323 482
332 333
333 390
334 335
335 336
335 379
341 342
342 414
343 344
343 345
344 437
346 423
346 420
357 358
357 359
357 477
358 477
361 362
361 363
365 366
365 367
366 371
366 372
366 373
367 453
368 369
371 372
372 373
374 375
376 377
379 455
381 456
389 390
390 391
393 394
396 397
396 398
397 422
398 422
399 439
411 412
419 420
419 421
420 454
420 461
420 462
421 461
421 462
431 451
431 452
431 453
431 475
435 436
443 444
444 455
446 463
448 465
451 452
451 453
452 453
452 475
453 479
453 475
465 478
