0 1
0 2
0 3
0 4
0 5
0 6
0 7
0 8
0 9
0 10
0 11
0 12
0 13
0 14
0 15
0 16
0 17
0 18
0 19
0 20
0 21
0 22
0 23
0 24
0 25
0 26
0 27
0 276
1 28
1 33
1 64
1 147
1 154
1 162
1 193
2 33
2 64
3 64
3 147
3 154
4 28
4 33
4 64
4 154
5 64
5 147
5 154
5 162
6 28
6 33
6 162
6 556
6 655
7 33
7 64
7 147
7 154
7 162
8 28
8 64
8 147
8 154
8 162
9 28
9 33
9 147
9 154
9 162
9 717
9 718
9 724
10 28
10 162
10 414
11 28
11 33
11 64
11 154
11 162
12 33
12 64
12 147
13 33
13 64
13 147
13 154
13 162
13 503
14 28
14 64
14 154
15 28
16 162
17 28
17 33
17 162
18 28
18 63
18 64
19 33
19 64
19 147
19 154
20 33
20 64
20 147
20 154
20 193
21 64
21 162
22 162
22 193
23 162
24 162
25 277
26 28
26 33
26 193
26 510
26 661
27 28
27 33
27 162
27 193
27 725
28 29
28 30
28 31
28 32
28 276
28 661
29 33
29 147
29 154
29 193
30 162
33 34
33 35
33 36
33 37
33 38
33 39
33 40
33 41
33 42
33 43
33 44
33 45
33 46
33 47
33 48
33 49
33 50
33 51
33 52
33 53
33 54
33 55
33 56
33 57
33 58
33 59
33 60
33 61
33 62
33 661
35 64
35 193
38 147
38 193
39 64
39 147
42 162
43 64
43 193
44 64
44 154
45 162
46 244
47 64
48 64
51 64
51 147
51 154
52 162
52 193
53 64
53 162
54 193
54 660
54 661
55 64
55 147
55 162
55 193
55 708
56 64
56 162
58 64
58 162
58 743
59 64
60 147
60 162
60 558
62 162
64 65
64 66
64 67
64 68
64 69
64 70
64 71
64 72
64 73
64 74
64 75
64 76
64 77
64 78
64 79
64 80
64 81
64 82
64 83
64 84
64 85
64 86
64 87
64 88
64 89
64 90
64 91
64 92
64 93
64 94
64 95
64 96
64 97
64 98
64 99
64 100
64 101
64 102
64 103
64 104
64 105
64 106
64 107
64 108
64 109
64 110
64 111
64 112
64 113
64 114
64 115
64 116
64 117
64 118
64 119
64 120
64 121
64 122
64 123
64 124
64 125
64 126
64 127
64 128
64 129
64 130
64 131
64 132
64 133
64 134
64 135
64 136
64 137
64 138
64 139
64 140
64 141
64 142
64 143
64 144
64 145
64 146
64 205
64 208
65 147
65 154
65 193
66 147
67 147
67 154
72 154
73 147
73 154
75 154
81 638
81 640
84 147
84 162
86 154
87 162
88 162
89 162
90 154
92 147
93 154
93 707
96 147
96 154
100 147
100 154
100 162
104 147
104 154
105 154
106 154
106 162
106 560
106 733
110 154
113 147
114 147
114 154
115 162
119 154
124 147
124 154
124 162
126 154
127 154
128 154
130 162
131 162
133 147
136 703
139 154
139 162
140 147
141 147
142 154
143 162
144 162
145 162
145 193
146 154
146 162
146 193
146 249
146 250
146 697
147 148
147 149
147 150
147 151
147 152
147 153
147 205
147 206
148 193
150 193
154 155
154 156
154 157
154 158
154 159
154 160
154 161
154 205
159 663
161 162
161 193
162 163
162 164
162 165
162 166
162 167
162 168
162 169
162 170
162 171
162 172
162 173
162 174
162 175
162 176
162 177
162 178
162 179
162 180
162 181
162 182
162 183
162 184
162 185
162 186
162 187
162 188
162 189
162 190
162 191
162 192
162 206
162 207
169 577
169 578
169 683
169 684
169 690
169 706
169 788
173 193
175 193
178 193
181 193
181 782
182 193
183 673
183 683
183 684
183 685
193 194
193 195
193 196
193 197
193 198
193 199
193 200
193 201
193 202
193 203
193 204
194 777
199 484
199 687
199 703
209 210
209 553
209 743
211 212
211 213
211 214
211 215
211 216
211 306
211 534
211 708
216 508
217 218
217 291
217 696
217 720
219 220
219 613
220 268
220 278
220 279
220 336
220 446
220 484
220 644
220 656
220 771
221 222
221 223
221 224
221 225
221 226
221 227
221 228
221 229
221 230
221 231
221 232
221 233
221 234
221 235
221 236
221 237
221 238
221 239
221 240
225 246
225 273
225 393
225 468
241 242
241 243
241 248
244 245
244 251
244 252
244 253
244 256
246 247
247 276
248 490
254 255
254 267
254 460
256 257
256 258
258 363
258 437
259 260
259 538
259 653
259 654
261 262
261 280
261 282
261 284
261 286
261 290
261 292
262 743
263 264
263 281
263 283
263 285
264 605
264 606
264 607
265 266
266 592
266 638
266 640
269 270
269 460
269 731
270 271
270 272
270 521
270 539
270 551
270 591
271 272
271 483
271 506
271 521
272 472
272 747
272 783
273 444
274 275
274 342
274 361
276 293
276 294
276 295
280 399
280 440
280 563
281 447
281 492
281 493
281 590
283 447
285 292
285 447
285 648
287 288
287 289
288 289
288 593
288 595
289 679
290 399
290 490
292 701
296 297
297 428
297 565
298 299
299 303
299 463
299 765
299 766
300 301
300 302
300 303
300 304
300 305
306 307
306 308
306 309
306 310
306 311
306 341
306 649
312 313
312 314
312 315
312 316
312 317
312 318
312 691
313 314
313 315
313 316
313 317
313 318
313 507
313 686
313 691
313 692
314 315
314 316
314 317
314 318
314 507
314 691
314 692
315 316
315 317
315 318
315 507
316 317
316 318
316 482
317 318
319 320
319 321
319 322
319 323
319 324
319 325
319 326
319 327
319 328
319 329
319 330
319 331
319 332
319 333
319 335
319 396
319 704
320 323
320 325
321 322
321 323
321 324
321 325
321 326
321 327
321 329
321 623
321 624
322 326
323 326
324 326
325 326
326 327
326 330
326 331
326 332
326 333
326 334
327 412
330 396
330 704
331 396
331 704
335 396
335 704
337 338
337 339
338 547
339 547
340 341
341 417
341 418
341 419
341 420
341 427
341 431
341 432
341 786
342 343
342 444
342 445
343 646
343 647
344 345
345 346
345 347
346 398
346 402
347 378
347 428
347 449
348 349
348 350
348 593
349 351
349 352
350 351
350 352
351 613
353 354
354 355
354 356
354 392
354 473
356 399
356 490
357 358
357 359
357 380
358 406
360 361
361 378
362 363
362 364
362 365
362 366
362 371
362 392
362 394
362 396
362 473
362 550
362 573
362 616
362 645
362 736
362 785
363 387
363 772
363 773
363 775
364 397
364 525
366 535
366 568
367 368
367 369
367 370
367 374
367 389
372 373
372 374
372 516
373 375
373 376
374 375
374 376
374 392
374 490
375 376
375 569
375 570
375 571
375 572
375 713
376 442
376 569
377 378
378 379
381 382
382 383
382 384
382 385
384 701
385 386
387 388
387 389
387 392
387 768
390 391
390 392
390 394
391 392
392 404
394 395
394 396
395 573
395 574
395 608
395 616
395 781
396 519
396 608
396 616
396 617
396 645
396 704
396 705
397 406
397 408
399 400
400 493
401 402
401 403
405 406
406 407
406 509
409 410
409 411
409 412
412 413
412 596
412 597
412 598
412 599
412 600
412 601
414 415
414 416
414 421
414 422
414 423
414 424
414 425
414 426
414 433
414 434
414 438
428 429
428 430
428 435
428 436
428 439
429 609
435 467
437 470
437 482
437 543
437 548
437 552
437 567
437 696
437 708
437 720
437 746
437 776
437 780
440 441
442 443
442 515
442 708
442 726
442 727
442 728
445 736
448 449
450 451
451 577
451 684
452 453
453 454
453 455
454 747
456 457
456 458
458 755
459 460
459 511
459 531
459 613
460 461
460 462
460 463
460 464
460 465
460 466
461 653
461 655
466 474
469 470
469 471
470 547
472 612
474 475
476 477
476 478
478 703
479 480
479 481
481 653
484 485
484 486
484 487
484 488
484 489
485 487
485 497
485 500
485 501
485 502
485 755
487 496
488 703
490 491
494 495
494 503
496 497
496 498
496 499
496 500
496 501
497 755
503 504
504 536
504 537
505 506
511 512
511 513
514 515
516 517
516 518
519 520
521 522
521 523
521 524
525 526
525 527
525 528
525 529
525 530
532 533
532 642
532 652
532 725
533 568
533 620
533 621
533 622
533 650
533 651
536 561
537 669
540 541
540 547
541 542
544 545
545 653
546 547
547 548
549 550
554 555
554 701
556 557
558 559
558 625
558 626
558 627
558 628
558 629
558 630
558 632
558 633
558 693
558 784
562 563
563 564
565 566
573 575
576 577
576 578
577 578
577 684
578 673
579 580
580 615
580 657
581 582
581 583
581 584
581 585
585 586
586 613
586 731
587 588
588 589
588 618
588 619
589 707
593 594
602 603
602 604
604 653
604 767
609 610
609 611
613 614
623 624
625 631
626 631
627 631
628 631
629 631
630 631
634 635
634 636
634 637
634 638
635 638
635 639
635 640
635 641
642 643
655 657
658 659
658 721
661 662
663 664
663 667
663 668
665 666
666 669
669 670
669 671
672 673
673 676
673 677
673 678
673 684
673 708
673 724
674 675
674 715
679 680
679 681
679 682
684 688
684 708
684 716
688 689
693 694
693 784
695 696
696 720
697 698
697 699
700 701
701 702
707 708
707 709
708 715
708 717
708 719
708 720
708 721
708 724
708 734
708 735
708 738
708 739
708 743
708 744
708 745
708 749
708 752
708 753
708 754
708 758
708 759
708 763
708 764
710 711
710 730
710 731
710 779
710 789
712 713
713 722
713 723
714 715
714 716
715 724
717 718
729 730
731 732
736 737
739 740
739 741
739 742
747 748
749 750
749 751
755 756
755 757
758 762
760 761
760 762
768 769
770 771
773 774
778 779
785 786
786 787
789 790
