0 1
1 29
1 61
1 592
2 3
3 198
3 322
3 72
3 90
3 187
3 203
3 353
3 360
3 471
3 551
3 644
3 684
3 830
3 990
4 5
5 137
5 110
5 153
5 407
5 456
5 520
5 668
5 673
5 719
5 738
5 995
5 1003
6 7
7 118
7 632
7 919
7 925
7 996
8 9
8 314
8 387
9 155
9 62
9 202
9 291
9 784
10 11
10 578
11 146
11 23
11 40
11 52
11 55
11 70
11 83
11 98
11 102
11 161
11 354
11 391
11 392
11 502
11 536
11 550
11 565
11 649
11 695
11 735
11 811
11 820
11 843
12 13
13 65
13 79
13 260
13 160
13 171
13 172
13 286
13 287
13 358
13 517
13 601
13 614
13 808
13 867
13 927
13 950
13 951
13 986
13 1014
13 1019
14 15
15 350
16 17
16 585
17 73
17 902
18 19
19 572
19 780
19 899
20 21
21 488
21 75
21 106
21 122
21 248
21 295
21 309
21 317
21 364
21 493
21 497
21 690
21 721
21 813
21 980
21 998
22 23
23 417
23 566
23 650
24 25
24 53
24 167
24 341
24 510
24 821
24 839
26 27
27 371
27 997
28 29
29 94
29 162
29 303
29 320
29 419
29 487
29 539
29 654
29 712
29 786
29 826
30 31
31 159
31 166
31 191
31 199
31 265
31 268
31 715
31 722
31 751
31 776
31 903
31 966
32 33
32 835
33 202
33 931
34 35
35 756
35 127
35 246
35 610
35 825
35 921
36 37
37 400
38 39
38 701
39 191
39 216
39 700
40 148
41 42
42 357
42 466
42 710
42 752
43 44
44 260
44 288
44 560
44 911
45 46
46 205
46 327
46 625
46 765
47 48
48 79
49 50
50 259
50 232
50 247
50 398
50 557
51 52
52 669
52 900
52 1018
54 55
56 57
57 322
57 111
57 170
57 319
57 400
57 470
57 613
57 698
57 878
57 992
57 1007
58 59
59 165
59 196
59 262
59 275
59 311
59 404
59 446
59 894
59 968
60 61
60 958
61 328
61 389
61 418
61 508
61 542
61 736
61 774
61 795
61 853
61 999
61 1005
62 396
63 64
64 371
64 655
64 706
64 773
64 840
64 879
64 898
64 908
64 1006
65 66
67 68
67 69
67 93
67 904
68 767
70 666
70 856
70 875
70 987
71 72
72 151
73 74
73 507
74 692
75 283
76 77
77 137
77 163
77 304
77 312
77 374
77 707
77 720
77 804
77 815
77 994
78 79
79 297
79 116
79 133
79 159
79 188
79 206
79 334
79 454
79 458
79 500
79 527
79 617
79 619
79 630
79 639
79 779
79 798
79 841
80 81
81 104
81 146
81 380
81 595
81 658
81 730
81 847
82 83
83 158
83 183
83 294
83 363
83 403
83 433
83 833
83 876
84 85
85 353
85 761
85 782
85 791
86 87
87 131
87 149
87 874
88 89
89 468
89 124
89 771
89 918
91 92
92 314
92 299
92 638
92 837
92 920
92 946
92 977
94 609
95 96
96 155
96 109
96 215
96 238
96 394
96 408
96 555
96 634
96 737
97 98
97 787
98 402
98 861
99 100
100 365
100 255
100 428
100 889
101 102
102 261
102 393
103 104
104 612
104 168
104 257
104 369
104 425
104 661
104 936
105 106
106 332
106 397
106 448
106 509
106 728
106 1009
107 108
108 750
108 370
108 475
108 561
108 580
108 621
108 645
108 733
108 806
108 818
108 852
108 1017
111 881
112 113
112 124
112 663
113 244
114 115
115 155
115 455
115 494
115 672
115 880
115 895
117 118
117 384
117 803
118 213
118 357
118 141
118 181
118 311
118 351
118 438
118 482
118 511
118 589
118 616
118 662
118 762
118 792
118 838
118 888
118 894
119 120
120 341
120 350
120 572
120 620
120 772
120 805
120 824
120 972
121 122
122 653
123 124
124 138
124 258
124 410
124 430
124 505
124 533
124 569
124 598
124 637
124 646
124 723
124 727
124 740
124 744
125 126
125 260
128 129
129 680
129 239
130 131
131 945
131 212
131 252
131 264
131 282
131 300
131 335
131 362
131 373
131 427
131 444
131 445
131 461
131 479
131 484
131 486
131 490
131 498
131 513
131 531
131 537
131 543
131 546
131 581
131 597
131 640
131 642
131 681
131 688
131 697
131 742
131 747
131 755
131 807
131 817
131 819
131 823
131 836
131 857
131 858
131 891
131 924
131 928
131 1002
132 133
133 422
133 538
133 849
133 901
134 135
135 143
135 781
135 984
136 137
137 341
137 381
137 993
139 140
140 184
140 152
142 143
143 322
143 237
143 415
143 529
143 607
143 744
143 829
143 851
143 866
144 145
145 250
145 173
145 375
145 402
145 438
145 462
145 635
145 665
146 340
146 869
147 148
150 151
151 814
154 155
154 495
154 636
154 659
154 660
154 816
154 962
155 239
155 184
155 250
155 276
155 352
155 365
155 368
155 383
155 558
155 870
156 157
157 341
157 272
157 326
157 361
157 399
157 447
157 469
157 503
157 541
157 544
157 545
157 567
157 702
157 769
157 828
157 844
157 862
157 1013
158 209
158 452
159 232
159 320
159 376
159 570
159 654
159 677
164 165
165 190
165 169
165 219
165 347
165 424
165 431
165 442
165 450
165 483
165 724
165 748
165 778
165 957
171 172
171 173
172 358
172 927
173 971
174 175
175 391
175 585
175 647
175 801
175 854
176 177
177 260
178 179
179 495
180 181
180 182
181 242
181 343
181 414
181 504
181 583
181 885
181 937
181 958
182 227
182 667
183 1012
185 186
186 260
186 516
189 190
190 451
192 193
192 290
193 917
194 195
194 217
194 377
194 574
194 686
194 789
194 809
194 850
195 204
197 198
197 530
198 848
198 884
198 969
199 200
201 202
202 224
202 226
202 240
202 241
202 464
202 584
202 687
204 205
205 906
205 337
207 208
208 340
208 341
208 366
210 211
211 402
211 253
211 429
211 648
211 912
213 1020
213 855
213 942
213 973
214 215
215 441
215 478
215 868
215 1004
218 219
219 492
219 590
219 622
219 705
219 899
220 221
221 500
221 496
222 223
223 372
225 226
226 785
227 228
228 463
229 230
230 316
231 232
232 429
232 963
232 989
233 234
234 489
234 279
234 426
235 236
236 501
240 329
240 864
243 244
244 485
244 405
244 718
244 915
244 1011
245 246
246 899
249 250
249 489
251 252
252 603
254 255
254 991
255 301
255 435
255 459
255 643
255 674
255 696
255 955
255 982
256 257
256 608
260 281
260 284
260 292
260 296
260 439
260 641
260 914
260 952
260 956
260 964
260 1016
263 264
266 267
267 1022
267 401
267 518
267 579
267 760
269 270
270 368
271 272
273 274
273 432
274 276
276 409
276 859
277 278
278 316
278 412
278 897
278 933
280 281
281 954
284 285
284 289
284 293
284 575
284 699
284 930
290 291
291 554
291 571
291 576
291 624
295 775
296 324
296 449
297 298
301 302
302 643
305 306
306 477
307 1021
307 371
307 725
308 309
309 664
309 979
310 311
311 345
311 852
313 314
314 342
314 657
314 714
314 743
314 802
314 896
314 905
314 1000
315 316
316 726
316 562
316 709
318 319
319 664
319 670
321 322
322 1023
322 746
323 324
324 528
324 871
324 941
324 959
325 326
327 331
327 465
327 553
330 331
333 334
336 337
338 339
339 368
340 1008
340 1015
342 675
342 799
343 344
346 347
348 349
349 519
349 480
349 797
351 352
352 357
352 519
352 522
352 631
352 725
352 726
355 356
356 386
356 892
356 976
357 523
357 568
357 757
357 794
357 827
357 916
357 935
357 953
359 360
363 618
363 633
367 368
367 629
369 596
371 388
372 373
372 440
372 796
372 846
372 882
373 842
374 381
375 573
377 512
377 822
378 379
378 548
379 555
379 556
381 514
381 691
381 832
382 383
382 499
385 386
388 443
388 749
390 391
391 441
391 606
391 913
395 396
396 436
396 693
396 812
406 407
407 679
407 711
407 886
407 978
410 559
410 563
410 768
411 412
412 413
412 863
416 417
417 535
418 473
418 586
418 739
420 421
421 522
421 666
423 424
424 974
426 611
434 435
437 438
438 577
438 682
442 472
442 777
442 890
447 694
449 521
449 872
451 713
453 454
454 904
457 458
460 461
465 627
466 526
466 734
467 468
468 926
468 975
474 475
475 534
475 615
475 790
476 477
477 985
477 1008
479 608
481 482
482 491
482 549
482 623
482 967
486 689
486 810
495 717
497 651
499 909
501 625
506 507
515 516
517 927
522 628
522 983
524 525
525 554
530 602
530 626
530 949
532 533
533 968
540 541
541 741
541 923
546 591
546 873
547 548
548 731
548 965
551 733
552 553
555 600
556 594
564 565
565 587
570 759
571 934
572 883
572 887
573 574
573 656
573 940
575 943
579 599
582 583
583 788
588 589
593 594
594 834
596 652
599 600
604 605
605 853
605 831
612 893
625 732
630 676
648 758
651 652
653 654
670 671
677 678
680 1024
682 683
685 686
686 800
686 960
697 932
703 704
704 765
704 793
704 939
704 947
704 970
708 709
709 729
709 1001
713 865
715 716
716 922
725 745
752 753
754 755
762 981
763 764
763 765
765 948
766 767
770 771
783 784
838 907
844 845
859 860
860 962
872 938
877 878
879 988
879 1010
891 892
909 910
929 930
943 944
961 962
